     1        0   129600   0.000
     2    12510   129600   0.010
     3    25019   129600   0.020
     4    37528   129600   0.030
     5    50037   129600   0.040
     6    62546   129600   0.050
     7    75055   130184   0.060
     8    87564   130184   0.070
     9   100073   130184   0.080
    10   112582   130184   0.090
    11   125091   131281   0.100
    12   137600   131281   0.110
    13   150109   131281   0.120
    14   162618   132248   0.130
    15   175127   132248   0.140
    16   187636   132248   0.150
    17   200145   133155   0.160
    18   212654   133155   0.170
    19   225163   133155   0.180
    20   237672   134049   0.190
    21   250181   134049   0.200
    22   262690   134049   0.210
    23   275199   134910   0.220
    24   287708   134910   0.230
    25   300217   134910   0.240
    26   312726   135845   0.250
    27   325235   135845   0.260
    28   337744   135845   0.270
    29   350253   136704   0.280
    30   362762   136704   0.290
    31   375271   136704   0.300
    32   387780   137729   0.310
    33   400289   137729   0.320
    34   412798   137729   0.330
    35   425307   137729   0.340
    36   437816   138787   0.350
    37   450325   138787   0.360
    38   462834   138787   0.370
    39   475343   139851   0.380
    40   487852   139851   0.390
    41   500361   139851   0.400
    42   512870   140833   0.410
    43   525379   140833   0.420
    44   537888   140833   0.430
    45   550397   141930   0.440
    46   562906   141930   0.450
    47   575415   141930   0.460
    48   587924   142863   0.470
    49   600433   142863   0.480
    50   612942   142863   0.490
    51   625451   143784   0.500
    52   637960   143784   0.510
    53   650469   144701   0.520
    54   662978   144701   0.530
    55   675487   144701   0.540
    56   687996   145605   0.550
    57   700505   145605   0.560
    58   713014   146531   0.570
    59   725523   146531   0.580
    60   738032   146531   0.590
    61   750541   147399   0.600
    62   763050   147399   0.610
    63   775559   148308   0.620
    64   788068   148308   0.630
    65   800577   149035   0.640
    66   813086   149817   0.650
    67   825595   149817   0.660
    68   838104   149817   0.670
    69   850613   150700   0.680
    70   863122   150700   0.690
    71   875631   151626   0.700
    72   888140   151626   0.710
    73   900649   151626   0.720
    74   913158   152532   0.730
    75   925667   152532   0.740
    76   938176   152532   0.750
    77   950685   153441   0.760
    78   963194   153441   0.770
    79   975703   154371   0.780
    80   988212   154371   0.790
    81  1000721   154371   0.800
    82  1013230   155402   0.810
    83  1025739   155402   0.820
    84  1038248   156361   0.830
    85  1050757   156361   0.840
    86  1063266   156361   0.850
    87  1075775   157344   0.860
    88  1088284   157344   0.870
    89  1100793   158319   0.880
    90  1113302   158319   0.890
    91  1125811   158319   0.900
    92  1138320   159274   0.910
    93  1150829   159274   0.920
    94  1163338   159274   0.930
    95  1175847   160387   0.940
    96  1188356   160387   0.950
    97  1200865   160387   0.960
    98  1213374   161627   0.970
    99  1225883   161627   0.980
   100  1238392   162856   0.990
   101  1250901   162856   1.000
   102  1263410   162856   1.010
   103  1275919   163991   1.020
   104  1288428   163991   1.030
   105  1300937   163991   1.040
   106  1313446   165126   1.050
   107  1325955   165126   1.060
   108  1338464   165126   1.070
   109  1350973   166442   1.080
   110  1363482   166442   1.090
   111  1375991   166442   1.100
   112  1388500   167705   1.110
   113  1401009   167705   1.120
   114  1413518   167705   1.130
   115  1426027   168873   1.140
   116  1438536   168873   1.150
   117  1451045   170293   1.160
   118  1463554   170293   1.170
   119  1476063   170293   1.180
   120  1488572   171425   1.190
   121  1501081   171425   1.200
   122  1513590   171425   1.210
   123  1526099   172617   1.220
   124  1538608   172617   1.230
   125  1551117   173961   1.240
   126  1563626   173961   1.250
   127  1576135   173961   1.260
   128  1588644   175045   1.270
   129  1601153   175045   1.280
   130  1613662   176112   1.290
   131  1626171   176112   1.300
   132  1638680   176112   1.310
   133  1651189   177197   1.320
   134  1663698   177197   1.330
   135  1676207   178245   1.340
   136  1688716   178245   1.350
   137  1701225   178245   1.360
   138  1713734   179312   1.370
   139  1726243   179312   1.380
   140  1738752   180345   1.390
   141  1751261   180345   1.400
   142  1763770   180345   1.410
   143  1776279   181450   1.420
   144  1788788   181450   1.430
   145  1801297   182447   1.440
   146  1813806   182447   1.450
   147  1826315   182447   1.460
   148  1838824   183508   1.470
   149  1851333   183508   1.480
   150  1863842   184558   1.490
   151  1876351   184558   1.500
   152  1888860   184558   1.510
   153  1901369   185623   1.520
   154  1913878   185623   1.530
   155  1926387   186648   1.540
   156  1938896   186648   1.550
   157  1951405   186648   1.560
   158  1963914   187777   1.570
   159  1976423   187777   1.580
   160  1988932   187777   1.590
   161  2001441   188867   1.600
   162  2013950   188867   1.610
   163  2026459   190058   1.620
   164  2038968   190058   1.630
   165  2051477   190058   1.640
   166  2063986   191177   1.650
   167  2076495   191177   1.660
   168  2089004   192287   1.670
   169  2101513   192287   1.680
   170  2114022   192287   1.690
   171  2126531   193484   1.700
   172  2139040   193484   1.710
   173  2151549   193484   1.720
   174  2164058   194574   1.730
   175  2176567   194574   1.740
   176  2189076   195730   1.750
   177  2201585   195730   1.760
   178  2214094   195730   1.770
   179  2226603   196778   1.780
   180  2239112   196778   1.790
   181  2251621   197937   1.800
   182  2264130   197937   1.810
   183  2276639   197937   1.820
   184  2289148   198975   1.830
   185  2301657   198975   1.840
   186  2314166   198975   1.850
   187  2326675   200035   1.860
   188  2339184   200035   1.870
   189  2351693   201188   1.880
   190  2364202   201188   1.890
   191  2376711   201188   1.900
   192  2389220   202364   1.910
   193  2401729   202364   1.920
   194  2414238   202364   1.930
   195  2426747   203477   1.940
   196  2439256   203477   1.950
   197  2451765   204688   1.960
   198  2464274   204688   1.970
   199  2476783   204688   1.980
   200  2489292   205947   1.990
   201  2501801   205947   2.000
   202  2514310   207055   2.010
   203  2526819   207055   2.020
   204  2539328   207055   2.030
   205  2551837   208156   2.040
   206  2564346   208156   2.050
   207  2576855   209229   2.060
   208  2589364   209229   2.070
   209  2601873   209229   2.080
   210  2614382   210304   2.090
   211  2626891   210304   2.100
   212  2639400   210304   2.110
   213  2651909   211344   2.120
   214  2664418   211344   2.130
   215  2676927   212355   2.140
   216  2689436   212355   2.150
   217  2701945   212355   2.160
   218  2714454   213443   2.170
   219  2726963   213443   2.180
   220  2739472   214753   2.190
   221  2751981   214753   2.200
   222  2764490   214753   2.210
   223  2776999   215830   2.220
   224  2789508   215830   2.230
   225  2802017   216831   2.240
   226  2814526   216831   2.250
   227  2827035   216831   2.260
   228  2839544   217887   2.270
   229  2852053   217887   2.280
   230  2864562   217887   2.290
   231  2877071   218964   2.300
   232  2889580   218964   2.310
   233  2902089   220265   2.320
   234  2914598   220265   2.330
   235  2927107   220265   2.340
   236  2939616   221377   2.350
   237  2952125   221377   2.360
   238  2964634   221377   2.370
   239  2977143   222887   2.380
   240  2989652   222887   2.390
   241  3002161   224078   2.400
   242  3014670   224078   2.410
   243  3027179   224078   2.420
   244  3039688   225467   2.430
   245  3052197   225467   2.440
   246  3064706   226666   2.450
   247  3077215   226666   2.460
   248  3089724   227829   2.470
   249  3102233   227829   2.480
   250  3114742   227829   2.490
   251  3127251   228942   2.500
   252  3139760   228942   2.510
   253  3152269   230086   2.520
   254  3164778   230086   2.530
   255  3177287   230086   2.540
   256  3189796   231209   2.550
   257  3202305   231209   2.560
   258  3214814   232363   2.570
   259  3227323   232363   2.580
   260  3239832   232363   2.590
   261  3252341   233578   2.600
   262  3264850   233578   2.610
   263  3277359   234806   2.620
   264  3289868   234806   2.630
   265  3302377   234806   2.640
   266  3314886   235851   2.650
   267  3327395   235851   2.660
   268  3339904   236890   2.670
   269  3352413   236890   2.680
   270  3364922   236890   2.690
   271  3377431   237882   2.700
   272  3389940   237882   2.710
   273  3402449   238831   2.720
   274  3414958   238831   2.730
   275  3427467   238831   2.740
   276  3439976   239889   2.750
   277  3452485   239889   2.760
   278  3464994   240994   2.770
   279  3477503   240994   2.780
   280  3490012   240994   2.790
   281  3502521   242067   2.800
   282  3515030   242067   2.810
   283  3527539   243363   2.820
   284  3540048   243363   2.830
   285  3552557   243363   2.840
   286  3565066   244647   2.850
   287  3577575   244647   2.860
   288  3590084   245896   2.870
   289  3602593   245896   2.880
   290  3615102   245896   2.890
   291  3627611   246986   2.900
   292  3640120   246986   2.910
   293  3652629   248132   2.920
   294  3665138   248132   2.930
   295  3677647   248132   2.940
   296  3690156   249179   2.950
   297  3702665   249179   2.960
   298  3715174   250177   2.970
   299  3727683   250177   2.980
   300  3740192   250177   2.990
   301  3752701   251175   3.000
